<?xml version="1.0" encoding="UTF-8"?>
<svg xmlns="http://www.w3.org/2000/svg" xmlns:xlink="http://www.w3.org/1999/xlink" width="32px" height="32px" viewBox="0 0 33 33" version="1.1">
<defs>
<clipPath id="clip1">
  <path d="M 0.199219 0.855469 L 32.199219 0.855469 L 32.199219 32.855469 L 0.199219 32.855469 Z M 0.199219 0.855469 "/>
</clipPath>
</defs>
<g id="surface1">
<path style=" stroke:none;fill-rule:nonzero;fill:rgb(100%,100%,100%);fill-opacity:1;" d="M 29.699219 16.855469 C 29.699219 24.3125 23.65625 30.355469 16.199219 30.355469 C 8.742188 30.355469 2.699219 24.3125 2.699219 16.855469 C 2.699219 9.402344 8.742188 3.355469 16.199219 3.355469 C 23.65625 3.355469 29.699219 9.402344 29.699219 16.855469 Z M 29.699219 16.855469 "/>
<g clip-path="url(#clip1)" clip-rule="nonzero">
<path style=" stroke:none;fill-rule:nonzero;fill:rgb(26.666667%,26.666667%,26.666667%);fill-opacity:1;" d="M 16.199219 0.855469 C 7.351562 0.855469 0.199219 8.058594 0.199219 16.855469 C 0.199219 21.101562 1.886719 25.167969 4.886719 28.171875 C 6.371094 29.65625 8.136719 30.835938 10.078125 31.640625 C 12.019531 32.441406 14.097656 32.855469 16.199219 32.855469 C 20.441406 32.855469 24.511719 31.171875 27.511719 28.171875 C 30.515625 25.167969 32.199219 21.101562 32.199219 16.855469 C 32.199219 14.753906 31.785156 12.675781 30.980469 10.734375 C 30.175781 8.792969 29 7.027344 27.511719 5.542969 C 26.027344 4.058594 24.265625 2.878906 22.324219 2.074219 C 20.382812 1.269531 18.300781 0.855469 16.199219 0.855469 Z M 16.199219 30.042969 C 12.804688 30.042969 9.085938 28.511719 6.6875 26.113281 C 4.285156 23.710938 2.75 20.25 2.75 16.855469 C 2.75 13.460938 4.382812 9.613281 6.78125 7.210938 C 9.183594 4.8125 12.804688 3.609375 16.199219 3.609375 C 19.59375 3.609375 23.0625 5.195312 25.460938 7.597656 C 27.863281 9.996094 29.519531 13.460938 29.519531 16.855469 C 29.519531 20.25 27.8125 23.945312 25.414062 26.347656 C 23.011719 28.746094 19.59375 30.042969 16.199219 30.042969 Z M 16.199219 30.042969 "/>
</g>
<path style=" stroke:none;fill-rule:nonzero;fill:rgb(26.666667%,26.666667%,26.666667%);fill-opacity:1;" d="M 16.890625 8.910156 L 9.929688 8.910156 C 9.527344 8.910156 9.199219 9.234375 9.199219 9.636719 L 9.199219 24.511719 L 17.617188 24.511719 L 17.617188 9.636719 C 17.617188 9.234375 17.292969 8.910156 16.890625 8.910156 Z M 16.570312 14.46875 L 10.25 14.46875 L 10.25 10.332031 L 16.570312 10.332031 Z M 20.960938 24.804688 C 19.234375 24.804688 18.1875 23.617188 18.085938 21.542969 C 18.046875 20.726562 18.25 19.824219 18.46875 18.871094 C 18.628906 18.15625 18.800781 17.417969 18.878906 16.65625 C 18.960938 15.894531 18.839844 15.636719 18.761719 15.550781 C 18.613281 15.386719 18.183594 15.386719 17.769531 15.386719 L 17.566406 15.386719 L 17.566406 14.375 L 17.769531 14.375 C 18.375 14.375 19.066406 14.375 19.511719 14.875 C 19.863281 15.261719 19.980469 15.863281 19.886719 16.765625 C 19.800781 17.582031 19.625 18.351562 19.453125 19.097656 C 19.253906 19.980469 19.066406 20.816406 19.097656 21.492188 C 19.171875 23.019531 19.796875 23.792969 20.960938 23.792969 C 22.242188 23.792969 22.890625 22.984375 22.890625 21.390625 C 22.890625 20.074219 22.480469 19.046875 22.207031 18.367188 L 22.101562 18.09375 C 21.820312 17.355469 21.78125 16.691406 21.753906 15.6875 C 21.722656 14.710938 21.734375 13.667969 22.007812 12.636719 C 22.277344 11.597656 22.839844 11.09375 23.765625 10.253906 L 23.988281 10.050781 L 24.667969 10.800781 L 24.441406 11.003906 C 23.574219 11.789062 23.179688 12.144531 22.984375 12.890625 C 22.746094 13.796875 22.738281 14.757812 22.761719 15.65625 C 22.792969 16.636719 22.828125 17.164062 23.046875 17.734375 L 23.148438 17.992188 C 23.433594 18.695312 23.902344 19.875 23.902344 21.390625 C 23.902344 23.527344 22.800781 24.804688 20.960938 24.804688 Z M 22.265625 15.859375 L 22.238281 14.847656 C 22.238281 14.847656 23.019531 14.828125 23.464844 14.820312 C 23.476562 14.640625 23.476562 14.363281 23.476562 14.070312 L 23.476562 13.917969 C 23.476562 12.710938 23.285156 12.550781 23.070312 12.363281 C 22.988281 12.296875 22.910156 12.226562 22.835938 12.140625 L 23.578125 11.457031 C 23.625 11.511719 23.675781 11.550781 23.726562 11.59375 C 24.15625 11.960938 24.484375 12.367188 24.484375 13.917969 L 24.484375 14.066406 C 24.484375 14.632812 24.488281 14.945312 24.4375 15.183594 C 24.347656 15.59375 24.066406 15.828125 23.664062 15.828125 C 23.335938 15.828125 22.265625 15.859375 22.265625 15.859375 Z M 22.265625 15.859375 "/>
</g>
</svg>

