<?xml version="1.0" encoding="UTF-8"?>
<svg xmlns="http://www.w3.org/2000/svg" xmlns:xlink="http://www.w3.org/1999/xlink" width="32px" height="32px" viewBox="0 0 32 32" version="1.1">
<g id="surface1">
<path style=" stroke:none;fill-rule:nonzero;fill:rgb(100%,100%,100%);fill-opacity:1;" d="M 29.5 16 C 29.5 23.457031 23.457031 29.5 16 29.5 C 8.542969 29.5 2.5 23.457031 2.5 16 C 2.5 8.542969 8.542969 2.5 16 2.5 C 23.457031 2.5 29.5 8.542969 29.5 16 Z M 29.5 16 "/>
<path style=" stroke:none;fill-rule:nonzero;fill:rgb(26.666667%,26.666667%,26.666667%);fill-opacity:1;" d="M 16 0 C 7.152344 0 0 7.199219 0 16 C 0 20.242188 1.6875 24.3125 4.6875 27.3125 C 6.171875 28.800781 7.9375 29.976562 9.878906 30.78125 C 11.816406 31.585938 13.898438 32 16 32 C 20.242188 32 24.3125 30.3125 27.3125 27.3125 C 30.3125 24.3125 32 20.242188 32 16 C 32 13.898438 31.585938 11.816406 30.78125 9.878906 C 29.976562 7.9375 28.800781 6.171875 27.3125 4.6875 C 25.828125 3.199219 24.0625 2.023438 22.121094 1.21875 C 20.183594 0.414062 18.101562 0 16 0 Z M 16 29.1875 C 12.605469 29.1875 8.886719 27.65625 6.488281 25.253906 C 4.085938 22.855469 2.550781 19.394531 2.550781 16 C 2.550781 12.605469 4.183594 8.757812 6.582031 6.355469 C 8.984375 3.953125 12.605469 2.753906 16 2.753906 C 19.394531 2.753906 22.863281 4.339844 25.261719 6.738281 C 27.664062 9.140625 29.320312 12.605469 29.320312 16 C 29.320312 19.394531 27.613281 23.089844 25.214844 25.492188 C 22.8125 27.890625 19.394531 29.1875 16 29.1875 Z M 16 29.1875 "/>
<path style=" stroke:none;fill-rule:nonzero;fill:rgb(26.666667%,26.666667%,26.666667%);fill-opacity:1;" d="M 9.695312 21.90625 L 9.613281 21.988281 C 9.25 22.351562 9.25 22.949219 9.613281 23.3125 L 9.984375 23.683594 C 10.140625 23.839844 10.335938 23.925781 10.535156 23.925781 C 10.796875 23.925781 11.035156 23.777344 11.179688 23.523438 L 11.636719 22.71875 L 13.882812 23.660156 C 14.078125 23.738281 14.308594 23.78125 14.546875 23.78125 C 15.070312 23.78125 15.597656 23.582031 15.921875 23.257812 L 22.039062 17.140625 C 22.527344 16.652344 22.707031 15.738281 22.441406 15.101562 L 21.503906 12.859375 L 22.296875 12.40625 C 22.519531 12.28125 22.664062 12.078125 22.695312 11.851562 C 22.722656 11.625 22.636719 11.390625 22.457031 11.210938 L 22.085938 10.839844 C 21.910156 10.664062 21.675781 10.566406 21.421875 10.566406 C 21.171875 10.566406 20.9375 10.664062 20.761719 10.839844 L 20.691406 10.910156 L 20.539062 10.550781 C 20.292969 9.957031 19.722656 9.109375 19.269531 8.65625 L 16.105469 5.492188 C 15.929688 5.316406 15.695312 5.21875 15.441406 5.21875 C 15.191406 5.21875 14.957031 5.316406 14.78125 5.492188 L 13.914062 6.359375 C 13.738281 6.535156 13.640625 6.769531 13.640625 7.019531 C 13.640625 7.273438 13.738281 7.507812 13.914062 7.683594 L 14.703125 8.472656 L 7.253906 15.921875 L 6.464844 15.132812 C 6.289062 14.957031 6.054688 14.859375 5.800781 14.859375 C 5.550781 14.859375 5.316406 14.957031 5.140625 15.132812 L 4.273438 15.996094 C 3.910156 16.363281 3.910156 16.957031 4.273438 17.324219 L 7.4375 20.488281 C 7.890625 20.9375 8.738281 21.507812 9.332031 21.757812 Z M 20.007812 12.3125 L 21.425781 15.710938 C 21.585938 16.089844 21.476562 16.640625 21.1875 16.933594 L 15.714844 22.40625 C 15.421875 22.695312 14.871094 22.804688 14.492188 22.644531 L 11.09375 21.226562 C 10.714844 21.066406 10.640625 20.699219 10.933594 20.40625 L 19.1875 12.152344 C 19.480469 11.859375 19.847656 11.933594 20.007812 12.3125 Z M 14.753906 10.945312 L 16.632812 9.066406 C 16.777344 8.917969 17.015625 8.917969 17.164062 9.066406 L 18.0625 9.96875 C 18.210938 10.113281 18.210938 10.351562 18.0625 10.496094 L 16.1875 12.375 C 16.039062 12.523438 15.800781 12.523438 15.65625 12.375 L 14.753906 11.472656 C 14.609375 11.328125 14.609375 11.089844 14.753906 10.945312 Z M 8.765625 19.265625 L 7.867188 18.363281 C 7.71875 18.21875 7.71875 17.980469 7.867188 17.832031 L 9.742188 15.953125 C 9.890625 15.808594 10.128906 15.808594 10.273438 15.953125 L 11.175781 16.855469 C 11.320312 17.003906 11.320312 17.242188 11.175781 17.386719 L 9.296875 19.265625 C 9.152344 19.410156 8.914062 19.410156 8.765625 19.265625 Z M 8.765625 19.265625 "/>
<path style=" stroke:none;fill-rule:nonzero;fill:rgb(26.666667%,26.666667%,26.666667%);fill-opacity:1;" d="M 24.507812 16.546875 C 24.546875 16.546875 24.585938 16.542969 24.625 16.53125 L 27.285156 15.898438 C 27.558594 15.835938 27.726562 15.5625 27.660156 15.289062 C 27.597656 15.019531 27.324219 14.851562 27.050781 14.914062 L 24.390625 15.546875 C 24.117188 15.613281 23.949219 15.886719 24.015625 16.15625 C 24.070312 16.390625 24.277344 16.546875 24.507812 16.546875 Z M 24.507812 16.546875 "/>
<path style=" stroke:none;fill-rule:nonzero;fill:rgb(26.666667%,26.666667%,26.666667%);fill-opacity:1;" d="M 23.996094 18.0625 L 26.390625 19.039062 C 26.453125 19.066406 26.519531 19.078125 26.582031 19.078125 C 26.78125 19.078125 26.972656 18.960938 27.050781 18.765625 C 27.15625 18.503906 27.035156 18.210938 26.773438 18.105469 L 24.378906 17.125 C 24.117188 17.019531 23.824219 17.144531 23.71875 17.402344 C 23.613281 17.660156 23.734375 17.957031 23.996094 18.0625 Z M 23.996094 18.0625 "/>
<path style=" stroke:none;fill-rule:nonzero;fill:rgb(26.666667%,26.666667%,26.666667%);fill-opacity:1;" d="M 24.222656 21.28125 C 24.320312 21.433594 24.484375 21.519531 24.65625 21.519531 C 24.746094 21.519531 24.839844 21.496094 24.921875 21.445312 C 25.160156 21.296875 25.234375 20.984375 25.085938 20.746094 L 23.761719 18.605469 C 23.613281 18.367188 23.300781 18.292969 23.066406 18.4375 C 22.828125 18.585938 22.753906 18.898438 22.898438 19.136719 Z M 24.222656 21.28125 "/>
</g>
</svg>
